	p1	p2	p3	p4
A	2000	2000	2000	2000
B	1000	1000	1000	1000
C	1766	1677	1731	1694
D	1000	2000	2000	2000
E	2000	2000	2000	2000
F	1871	1000	1000	1000
G	1616	2000	2000	2000
H	1673	2000	1662	2000
I	2000	2000	2000	1000
J	-	-	-	-
K	1000	2000	1000	2000
L	1000	2000	2000	2000
M	2000	2000	2000	2000
N	1850	2000	1850	2000
O	1500	1500	1500	1500
P	1590	2000	1760	2000
Q	1815	2000	2000	2000
R	1400	2000	1000	2000
S	2000	2000	2000	2000
T	1888	2000	1888	2000
U	1000	2000	1000	2000
V	1000	2000	1000	2000
W	1000	1000	1000	2000
X	1570	2000	1858	2000
Y	2000	2000	2000	1000
Z	-	-	-	-